[window_normalization]
global_mean = 1.482789087634966
global_std = 0.198463260360355

[feature_stats]
MAV = [ 0.42566939923968977, 0.7126474883799887,]
WL = [ 21.160811141943984, 36.721334852106175,]
WAMP = [ 94.49045472254689, 67.75082281366632,]
MAVS = [ 2.1920163933068703e-6, 0.14523720666716272,]

[preprocessing_config]
sampling_rate = 1000
window_size = 200
window_overlap = 0.5
sequence_length = 3
windows_count = 3
low_cut = 20
high_cut = 450
filter_order = 4
wamp_threshold = 0.02
features = [ "MAV", "WL", "WAMP", "MAVS",]
normalization = "MeanStd"


[model]
model_file_path = "output/SavedModels/RNN2/Saved_models/model.tflite"
test_file_path = 'datasets/official/unprocessed/relabeled_old_dataset/2/edited_0205-133839record_N.csv'
log_file_path = 'output/Log/log.csv'
timeout = 50
buffer_len = 2
model_states = ['Rest', 'Grip', 'Hold', 'Release']
