[window_normalization]
global_mean = 1.482789087634966
global_std = 0.198463260360355

[feature_stats]
MAV = [ 0.4271622826768338, 0.7089790708738828,]
WL = [ 31.914129911146137, 54.94228443178863,]
WAMP = [ 142.3661215932914, 101.36411958403235,]
MAVS = [ -1.4862685319016323e-5, 0.13847459975563592,]

[preprocessing_config]
sampling_rate = 1000
window_size = "np.int64(300)"
window_overlap = 0.5
sequence_length = 3
windows_count = 3
wamp_threshold = 0.02
features = [ "MAV", "WL", "WAMP", "MAVS",]
normalization = "MeanStd"
